------< Group_2(random)_1 Results >------
--<Costs for training epochs 1, 5, 10, 15, 20, 25, 30, 35, 40, 45, 50, 55, 60, 65, 70, 75, 80, 85, 90, 95, and 100 respectively>--
1.0488585206518664
0.9582870236363498
0.9434154689680014
0.9207700718821675
0.9103328908038252
0.9094016046932017
0.9086626497503761
0.9079839202693615
0.9073796636077758
0.9068586753234696
0.9063708782471787
0.905928032551534
0.9055114168969136
0.9051330045934908
0.904782149905171
0.9044588057607552
0.9041558684314915
0.9038755460338808
0.90363179995021
0.9033887265947076
0.9031691116330178

--<Accuracies for training epochs 1, 5, 10, 15, 20, 25, 30, 35, 40, 45, 50, 55, 60, 65, 70, 75, 80, 85, 90, 95, and 100 respectively>--
0.10210000000000007
0.09760000000000002
0.09590000000000001
0.09439999999999997
0.09550000000000003
0.09760000000000002
0.09770000000000005
0.09950000000000005
0.10170000000000004
0.10130000000000003
0.10180000000000002
0.10190000000000003
0.1019
0.10260000000000001
0.10010000000000004
0.09900000000000003
0.10120000000000003
0.10130000000000003
0.0997
0.10070000000000007
0.09989999999999999

--<Test>--
Cost: 0.9010785305536967
Accuracy: 0.105
