------< Group_2(random)_3 Results >------
--<Costs for training epochs 1, 5, 10, 15, 20, 25, 30, 35, 40, 45, 50, 55, 60, 65, 70, 75, 80, 85, 90, 95, and 100 respectively>--
1.2172948752361885
0.9617443403398488
0.9431594154643643
0.9309956522282552
0.9265937911337034
0.9213776725627688
0.9095707851476252
0.9076475188588875
0.906863204833982
0.9062249343021352
0.9056425593241215
0.9050962279561302
0.9046079662278826
0.9041602528676499
0.903762387660224
0.9033905962520293
0.9030616883082945
0.9027669256583057
0.9024880240139379
0.9022596326614115
0.9020470190395175

--<Accuracies for training epochs 1, 5, 10, 15, 20, 25, 30, 35, 40, 45, 50, 55, 60, 65, 70, 75, 80, 85, 90, 95, and 100 respectively>--
0.09690000000000001
0.09690000000000004
0.0965
0.09570000000000002
0.09670000000000004
0.09730000000000001
0.09760000000000002
0.09980000000000001
0.10090000000000005
0.10040000000000002
0.10140000000000003
0.09920000000000004
0.10030000000000004
0.10010000000000001
0.10100000000000002
0.10040000000000002
0.1003
0.10110000000000006
0.09940000000000009
0.10140000000000006
0.09960000000000004

--<Test>--
Cost: 0.9009116656548033
Accuracy: 0.1191
