------< Group_1(non-random)_2 Results >------
--<Costs for training epochs 1, 5, 10, 15, 20, 25, 30, 35, 40, 45, 50, 55, 60, 65, 70, 75, 80, 85, 90, 95, and 100 respectively>--
5.820062222420998
1.08111702003219
1.0631913898764587
1.166150687265113
1.102368911215475
1.1019088783629503
1.1157607867987944
1.0531468546295684
1.07068427677667
1.075988606752418
1.071225905352515
1.0745291831995578
1.0992899296632321
1.0601944085655777
1.0892886931051826
1.082170460577878
1.083060363141705
1.0677587031907498
1.0904219789613374
1.1065743529181065
1.0731741969983954

--<Accuracies for training epochs 1, 5, 10, 15, 20, 25, 30, 35, 40, 45, 50, 55, 60, 65, 70, 75, 80, 85, 90, 95, and 100 respectively>--
0.1022
0.10220000000000004
0.10220000000000004
0.09460000000000005
0.103
0.09930000000000005
0.10270000000000003
0.10029999999999997
0.11450000000000005
0.10320000000000004
0.10480000000000009
0.10490000000000001
0.10260000000000004
0.09560000000000007
0.10660000000000004
0.10330000000000003
0.09949999999999998
0.10510000000000005
0.10660000000000003
0.09880000000000001
0.1023

--<Test>--
Cost: 1.0076725933935995
Accuracy: 0.1082
