------< Group_1(non-random)_3 Results >------
--<Costs for training epochs 1, 5, 10, 15, 20, 25, 30, 35, 40, 45, 50, 55, 60, 65, 70, 75, 80, 85, 90, 95, and 100 respectively>--
1.0169643570080358
0.9919866040407235
0.9648439703297654
0.9514986845174674
0.932547964865032
0.9285589329032066
0.9245292868298813
0.9166274228702107
0.9127542732586836
0.9091986974036455
0.9059621504923444
0.9031392244220489
0.9006593936457096
0.8985218184689132
0.8966774266970369
0.8950792111389853
0.8937500385865826
0.8926334134351762
0.891701797780683
0.8909095763595031
0.8902528883960122

--<Accuracies for training epochs 1, 5, 10, 15, 20, 25, 30, 35, 40, 45, 50, 55, 60, 65, 70, 75, 80, 85, 90, 95, and 100 respectively>--
0.08840000000000002
0.13049999999999998
0.125
0.12220000000000007
0.13350000000000004
0.13820000000000002
0.14420000000000002
0.14740000000000006
0.15040000000000006
0.1488000000000001
0.14760000000000006
0.14780000000000013
0.14940000000000006
0.14840000000000006
0.14810000000000004
0.15020000000000006
0.15470000000000006
0.15710000000000013
0.15640000000000004
0.15599999999999994
0.15600000000000006

--<Test>--
Cost: 0.8899854902630955
Accuracy: 0.1654
