------< Group_1(non-random)_1 Results >------
--<Costs for training epochs 1, 5, 10, 15, 20, 25, 30, 35, 40, 45, 50, 55, 60, 65, 70, 75, 80, 85, 90, 95, and 100 respectively>--
0.9978881161469453
0.932152649412203
0.9253749472022221
0.9062608368841031
0.9050967328886554
0.9041533694781895
0.903246580243613
0.902372881542885
0.9015685761415138
0.9008172166268843
0.9001557006286034
0.8995647051903368
0.8990279738617944
0.898571738274493
0.8981691621056954
0.8978246108907499
0.8975353563723585
0.8972858877350822
0.8970703286060445
0.8968708073013578
0.8967295318489097

--<Accuracies for training epochs 1, 5, 10, 15, 20, 25, 30, 35, 40, 45, 50, 55, 60, 65, 70, 75, 80, 85, 90, 95, and 100 respectively>--
0.11070000000000002
0.11500000000000003
0.11700000000000003
0.12430000000000004
0.12010000000000001
0.12160000000000003
0.1238000000000001
0.12329999999999997
0.12440000000000007
0.12460000000000003
0.12390000000000004
0.12420000000000005
0.12360000000000007
0.12449999999999999
0.12569999999999998
0.12410000000000004
0.12390000000000005
0.12320000000000005
0.12560000000000002
0.1241
0.12389999999999998

--<Test>--
Cost: 0.8964522339247745
Accuracy: 0.1303
