------< Group_1(non-random)_5 Results >------
--<Costs for training epochs 1, 5, 10, 15, 20, 25, 30, 35, 40, 45, 50, 55, 60, 65, 70, 75, 80, 85, 90, 95, and 100 respectively>--
1.75590971820957
0.9150526481202258
0.913150393205846
0.9112982262650138
0.9097905354967504
0.9085955721766277
0.9073011764640376
0.9057741081041816
0.9051773707210069
0.90367939993714
0.9027589863746835
0.9018670634875036
0.9013195035109584
0.8999114551997779
0.8996868852002508
0.8986672205891941
0.8983897707913402
0.8975958021553835
0.8972399500661401
0.8970826670974958
0.8967405607358402

--<Accuracies for training epochs 1, 5, 10, 15, 20, 25, 30, 35, 40, 45, 50, 55, 60, 65, 70, 75, 80, 85, 90, 95, and 100 respectively>--
0.09020000000000004
0.10270000000000004
0.10740000000000002
0.11050000000000003
0.11980000000000003
0.11690000000000009
0.11390000000000003
0.11730000000000004
0.11890000000000008
0.12140000000000004
0.12210000000000006
0.11850000000000006
0.12430000000000006
0.12450000000000006
0.12800000000000006
0.13540000000000002
0.13140000000000004
0.13550000000000004
0.1333000000000001
0.1282
0.1307000000000001

--<Test>--
Cost: 0.8991395378441565
Accuracy: 0.1351
