------< Group_2(random)_5 Results >------
--<Costs for training epochs 1, 5, 10, 15, 20, 25, 30, 35, 40, 45, 50, 55, 60, 65, 70, 75, 80, 85, 90, 95, and 100 respectively>--
2.022265842168381
0.9331811422289812
0.9276343870674323
0.9239707942653808
0.9209159073658812
0.9180229347112406
0.915662804028042
0.9134003521172874
0.9112614097698857
0.9095413179558184
0.9079780444261314
0.9064031750063
0.9058475795438313
0.9048442258269189
0.9038007082667888
0.9029007619556845
0.9017902312044973
0.9011795379177664
0.901102566212138
0.9008403124060534
0.9009230382564806

--<Accuracies for training epochs 1, 5, 10, 15, 20, 25, 30, 35, 40, 45, 50, 55, 60, 65, 70, 75, 80, 85, 90, 95, and 100 respectively>--
0.1041
0.09880000000000005
0.09520000000000005
0.09560000000000003
0.10110000000000004
0.09610000000000006
0.10210000000000004
0.09770000000000002
0.09680000000000005
0.09950000000000002
0.10160000000000005
0.09890000000000002
0.09930000000000001
0.10170000000000004
0.10270000000000004
0.09750000000000002
0.1013
0.0996
0.09640000000000006
0.10220000000000005
0.09550000000000006

--<Test>--
Cost: 0.9008758409576134
Accuracy: 0.1041
