------< Group_2(random)_2 Results >------
--<Costs for training epochs 1, 5, 10, 15, 20, 25, 30, 35, 40, 45, 50, 55, 60, 65, 70, 75, 80, 85, 90, 95, and 100 respectively>--
300.3846140092247
4.334956717208108
3.0903238677367355
7.0902066687194445
3.661595883446246
3.7513975156603503
4.308320110255831
3.53317801374967
4.992402082514335
3.3830433721733595
5.866650101213283
3.6305585598583656
2.801713870053183
6.404723266461089
3.7139509654537948
4.247760850258658
3.723417256679799
4.7299326658204945
4.196992673660602
3.0818695661620397
3.9852398493924914

--<Accuracies for training epochs 1, 5, 10, 15, 20, 25, 30, 35, 40, 45, 50, 55, 60, 65, 70, 75, 80, 85, 90, 95, and 100 respectively>--
0.09680000000000005
0.09820000000000002
0.10810000000000003
0.09740000000000003
0.0947
0.09570000000000006
0.09920000000000004
0.10350000000000005
0.09920000000000004
0.10220000000000001
0.10800000000000003
0.10060000000000004
0.09910000000000009
0.1019
0.10760000000000002
0.1025
0.09940000000000003
0.10020000000000005
0.1039
0.10010000000000002
0.0921

--<Test>--
Cost: 5.464197597225204
Accuracy: 0.1
