------< Group_2(random)_4 Results >------
--<Costs for training epochs 1, 5, 10, 15, 20, 25, 30, 35, 40, 45, 50, 55, 60, 65, 70, 75, 80, 85, 90, 95, and 100 respectively>--
1.4787203604596997
0.921187317233936
0.9258076295617926
0.9201640138525207
0.9153009312851007
0.9175257691392328
0.9118799020152766
0.9232159625016523
0.9158546721843639
0.9144762763547444
0.9141001856985798
0.9156425783320453
0.9134385012845272
0.9113979641360828
0.9060908366831332
0.9076310366350999
0.9118021027750853
0.9102714809358103
0.9063824137236668
0.9069131337437115
0.9138010837987821

--<Accuracies for training epochs 1, 5, 10, 15, 20, 25, 30, 35, 40, 45, 50, 55, 60, 65, 70, 75, 80, 85, 90, 95, and 100 respectively>--
0.10060000000000004
0.0968
0.10200000000000006
0.10340000000000003
0.09930000000000001
0.10340000000000006
0.09770000000000006
0.09820000000000004
0.09850000000000005
0.10080000000000003
0.09890000000000002
0.10120000000000003
0.10450000000000001
0.09500000000000006
0.1009
0.10000000000000003
0.09860000000000005
0.09390000000000004
0.10160000000000002
0.09829999999999998
0.09870000000000002

--<Test>--
Cost: 0.9165361508139589
Accuracy: 0.0739
