------< Group_1(non-random)_4 Results >------
--<Costs for training epochs 1, 5, 10, 15, 20, 25, 30, 35, 40, 45, 50, 55, 60, 65, 70, 75, 80, 85, 90, 95, and 100 respectively>--
1.6180859501265281
0.9422578955131725
0.9156283696541372
0.9108734029340729
0.9090067351258605
0.907497470646714
0.9058053332687258
0.9043085438591014
0.9026235411028702
0.9010223856858307
0.8995041335359942
0.8981852118097039
0.8965681137051219
0.895286736772035
0.8942225075556768
0.8934271977967964
0.8928423139224237
0.8925091628363615
0.8920935781356786
0.8918938090258361
0.8915997591487622

--<Accuracies for training epochs 1, 5, 10, 15, 20, 25, 30, 35, 40, 45, 50, 55, 60, 65, 70, 75, 80, 85, 90, 95, and 100 respectively>--
0.09870000000000005
0.10590000000000001
0.11260000000000003
0.13010000000000005
0.1303
0.13060000000000008
0.13050000000000003
0.13459999999999997
0.1315
0.13270000000000004
0.13589999999999997
0.13450000000000006
0.13280000000000008
0.13740000000000013
0.1394
0.1388
0.14450000000000002
0.14260000000000003
0.14560000000000003
0.14830000000000007
0.14669999999999997

--<Test>--
Cost: 0.8920982580596454
Accuracy: 0.1522
